1642086629581145980
1642086630581061521
1642086631580981334
1642086632580089547
1642086633580724909
1642086634580746989
1642086635580880808
1642086636580499482
1642086637580109875
1642086638580923857
1642086639580985222
1642086640580750929
1642086641580935326
1642086642581038151
1642086643581024958
1642086644580849891
1642086645580801854
1642086646580893578
1642086647580600234
1642086648580535137
1642086649580735947
1642086650580879116
1642086651580716551
1642086652580669371
1642086653580528269
1642086654580611988
1642086655580595334
1642086656580732943
1642086657579906550
1642086658580841295
1642086659580541091
1642086660580534012
1642086661580668533
1642086662580653407
1642086663580547867
1642086664580654910
1642086665580565175
1642086666580596766
1642086667580518032
1642086668580594534
1642086669580146506
1642086670580440370
1642086671580703605
1642086672580408282
1642086673580395077
1642086674580332299
1642086675580471925
1642086676580505817
1642086677580543158
1642086678580535758
1642086679580537365
1642086680580508437
1642086681580495073
1642086682580486357
1642086683580484137
1642086684580449140
1642086685580579634
1642086686580566978
1642086687580344982
1642086688580489243
1642086689580295785
1642086690580639149
1642086691580641012
1642086692580669170
1642086693580468003
1642086694580282692
1642086695580429692
1642086696580306674
1642086697580399972
1642086698580383062
1642086699580387054
1642086700580283440
1642086701580507573
1642086702580364565
1642086703580839626
1642086704580377068
1642086705580397131
1642086706579645113
1642086707580548365
1642086708580592590
1642086709580324356
1642086710580334508
1642086711580428532
1642086712580763847
1642086713580412899
1642086714580024281
1642086715580128942
1642086716580357649
1642086717580376602
1642086718580300251
1642086719580251707
1642086720580345751
1642086721580447732
1642086722580231388
1642086723580170250
1642086724580342497
1642086725580191167
1642086726580257274
1642086727580217600
1642086728580023835
1642086729580258827
1642086730580251590
1642086731580044173
1642086732580065101
1642086733580130561
1642086734579904580
1642086735579842494
1642086736579867012
1642086737580034189
1642086738579895519
1642086739579757495
1642086740580013817
1642086741579870572
1642086742579846598
1642086743579930113
1642086744580104158
1642086745579902332
1642086746580130232
1642086747579839961
1642086748579967516
1642086749579275385
1642086750579223699
1642086751579478216
1642086752579540790
1642086753579589300
1642086754579623360
1642086755579263172
1642086756579360985
1642086757579800702
1642086758579786684
1642086759579798315
1642086760579810067
1642086761579769277
1642086762579733579
1642086763579977482
1642086764579932498
1642086765579692453
1642086766579919401
1642086767579517246
1642086768579400610
1642086769578998679
1642086770579382115
1642086771579332403
1642086772579336667
1642086773579378027
1642086774579352173
1642086775579392222
1642086776579305935
1642086777579252595
1642086778579392235
1642086779579662763
1642086780579629920
1642086781579642078
1642086782579430522
1642086783579597803
1642086784579841779
1642086785579282655
1642086786579785515
1642086787579354390
1642086788579841495
1642086789579795136
1642086790579809344
1642086791579824637
1642086792579787464
1642086793579783353
1642086794579695746
1642086795579203813
1642086796579121063
1642086797579094829
1642086798579286107
1642086799579435105
1642086800579223469
1642086801579654842
1642086802579001957
1642086803579433272
1642086804579051965
1642086805579106640
1642086806579082864
1642086807578649527
1642086808579076245
1642086809579034461
1642086810579005374
1642086811578686641
1642086812579011075
1642086813579052083
1642086814579043726
1642086815578729195
1642086816579110886
1642086817579168656
1642086818578944077
1642086819579051131
1642086820579053578
1642086821579141837
1642086822579122552
1642086823578928282
1642086824578869752
1642086825579547052
1642086826578850995
1642086827578927881
1642086828578866187
