1642039522158898790
1642039523158293251
1642039524158003701
1642039525158066607
1642039526158046240
1642039527158107065
1642039528158091748
1642039529158238837
1642039530158022161
1642039531157890996
1642039532157951332
1642039533158103013
1642039534157902346
1642039535158012246
1642039536157819785
1642039537157754513
1642039538157929787
1642039539157648797
1642039540157229969
1642039541157665832
1642039542157890996
1642039543157326492
1642039544157005362
1642039545156776435
1642039546157627634
1642039547157345125
1642039548157345743
1642039549157410983
1642039550157378865
1642039551157253041
1642039552157257552
1642039553157512231
1642039554157535611
1642039555157192011
1642039556157216812
1642039557157549364
1642039558157385636
1642039559157263754
1642039560157235749
1642039561157438190
1642039562157372451
1642039563157427026
1642039564157042436
1642039565156704691
1642039566156774239
1642039567156809425
1642039568157064183
1642039569156730048
1642039570156883115
1642039571156716332
1642039572156914565
1642039573156567967
1642039574156982331
1642039575156599519
1642039576156781859
1642039577155649078
1642039578156140418
1642039579156710918
1642039580156622463
1642039581156633304
1642039582156565615
1642039583156637164
1642039584156170795
1642039585156311269
1642039586156025663
1642039587156515296
1642039588156236811
1642039589156074387
1642039590156170198
1642039591155880794
1642039592156280728
1642039593156114563
1642039594155933740
1642039595155882662
1642039596155836205
1642039597155450900
1642039598155873204
1642039599155875084
1642039600155850396
1642039601155587968
1642039602155731461
1642039603155625364
1642039604155883743
1642039605155744279
1642039606155515324
1642039607155385001
1642039608155586855
1642039609155779192
1642039610155291284
1642039611155535042
1642039612155447827
1642039613155373467
1642039614155590401
1642039615155411960
1642039616155471005
1642039617155494195
1642039618155179066
1642039619155350285
1642039620155409713
1642039621155021791
1642039622155236387
1642039623155449654
1642039624154995323
1642039625154963682
1642039626154638326
1642039627154169499
1642039628154922072
1642039629154830737
1642039630154782305
1642039631154907578
1642039632154690839
1642039633154727819
1642039634154878176
1642039635154778880
1642039636154679042
1642039637154464223
1642039638154195973
1642039639154617768
1642039640154788843
1642039641154785970
1642039642154414178
1642039643154307859
1642039644154832584
1642039645154441347
1642039646154340175
1642039647153884725
1642039648154282108
1642039649154142761
1642039650154260796
1642039651154423011
1642039652154059838
1642039653154051591
1642039654154117946
1642039655154075265
1642039656154026492
1642039657153523064
1642039658154214973
1642039659153888338
1642039660153599738
1642039661153731642
1642039662153685195
1642039663153891543
1642039664153802127
1642039665153794427
1642039666153754408
1642039667153326349
1642039668153609266
1642039669153467611
1642039670153546950
1642039671153293108
1642039672153368767
1642039673153389209
1642039674153309564
1642039675153966787
1642039676153259455
1642039677153199403
1642039678153224756
1642039679152764083
1642039680152834903
1642039681152748010
1642039682152525846
1642039683152791866
1642039684152579091
1642039685153150873
1642039686152455468
1642039687152126683
1642039688152396239
1642039689152402433
1642039690152367376
1642039691152981542
1642039692153192693
1642039693153180158
1642039694152809334
1642039695152630130
1642039696153026132
1642039697152810243
1642039698152889641
1642039699152954822
1642039700152845305
1642039701151777923
1642039702151869205
1642039703152182200
1642039704152029853
1642039705151750390
1642039706151900373
1642039707151840235
1642039708151975571
1642039709151921438
1642039710151894093
1642039711152189568
1642039712151624841
1642039713151388247
1642039714151769781
1642039715151504451
1642039716151208360
1642039717151089634
1642039718151520863
1642039719151498378
1642039720151401239
1642039721151266089
