1642039522157315026
1642039523157268443
1642039524156957259
1642039525156952105
1642039526156964118
1642039527156925434
1642039528156900634
1642039529156839366
1642039530156833667
1642039531156708340
1642039532156767298
1642039533156704672
1642039534156699025
1642039535156620988
1642039536156619098
1642039537156564077
1642039538156522478
1642039539156463467
1642039540156370685
1642039541156440948
1642039542156682926
1642039543156344535
1642039544156253957
1642039545156275536
1642039546156361226
1642039547156254313
1642039548156325036
1642039549156201898
1642039550156168402
1642039551156045289
1642039552156013215
1642039553156303792
1642039554156246791
1642039555155985948
1642039556155975799
1642039557156160059
1642039558156152970
1642039559155995917
1642039560156036111
1642039561156049866
1642039562155982136
1642039563156030172
1642039564155908275
1642039565155657378
1642039566155553234
1642039567155704913
1642039568155660392
1642039569155769577
1642039570155625028
1642039571155574606
1642039572155663099
1642039573155550825
1642039574155589982
1642039575155348627
1642039576155513152
1642039577155125550
1642039578155234363
1642039579155420894
1642039580155383368
1642039581155396037
1642039582155336573
1642039583155278303
1642039584155154441
1642039585155251747
1642039586154965916
1642039587155135631
1642039588155009527
1642039589154866527
1642039590154958463
1642039591154794977
1642039592154887141
1642039593154768421
1642039594154821561
1642039595154795981
1642039596154761650
1642039597154646815
1642039598154504650
1642039599154647207
1642039600154595600
1642039601154479560
1642039602154531223
1642039603154506722
1642039604154635673
1642039605154609604
1642039606154255828
1642039607154216120
1642039608154344563
1642039609154322686
1642039610154233250
1642039611154258093
1642039612154207968
1642039613154104158
1642039614154261046
1642039615154275173
1642039616154103142
1642039617154168981
1642039618154038808
1642039619154104047
1642039620154145076
1642039621153934199
1642039622153878462
1642039623154020918
1642039624153824683
1642039625153903065
1642039626153662083
1642039627153610946
1642039628153602695
1642039629153660826
1642039630153631977
1642039631153731301
1642039632153482143
1642039633153533910
1642039634153503744
1642039635153596254
1642039636153340291
1642039637153261395
1642039638153273249
1642039639153446801
1642039640153424247
1642039641153410829
1642039642153255092
1642039643153087442
1642039644153346062
1642039645153285769
1642039646153252737
1642039647152948896
1642039648152954462
1642039649152926056
1642039650152890413
1642039651153066206
1642039652152888636
1642039653153021714
1642039654152782549
1642039655152731992
1642039656152661592
1642039657152622621
1642039658152851960
1642039659152660766
1642039660152577217
1642039661152508748
1642039662152511322
1642039663152683496
1642039664152401117
1642039665152392174
1642039666152642196
1642039667152332408
1642039668152271652
1642039669152175330
1642039670152459070
1642039671152114407
1642039672152150484
1642039673152082852
1642039674152036457
1642039675152279834
1642039676151943415
1642039677151972237
1642039678152002313
1642039679151857767
1642039680151868159
1642039681151863276
1642039682151758882
1642039683151778507
1642039684151769750
1642039685151853487
1642039686151610622
1642039687151522712
1642039688151586081
1642039689151569020
1642039690151548671
1642039691151642878
1642039692151754895
1642039693151743160
1642039694151545712
1642039695151511796
1642039696151591005
1642039697151460976
1642039698151530051
1642039699151467097
1642039700151353289
1642039701151092101
1642039702151111004
1642039703151178823
1642039704151025879
1642039705150983541
1642039706151075435
1642039707150926945
1642039708150944281
1642039709150861301
1642039710150902180
1642039711150972064
1642039712150818127
1642039713150713760
1642039714150735010
1642039715150634866
1642039716150567750
1642039717150547496
1642039718150624218
1642039719150510793
1642039720150487068
1642039721150433452
