1642086629580083377
1642086630580071656
1642086631579940352
1642086632579650592
1642086633579784626
1642086634579727504
1642086635579886210
1642086636579820991
1642086637579643110
1642086638579845142
1642086639579874883
1642086640579735256
1642086641579835049
1642086642579932453
1642086643579922051
1642086644579794219
1642086645579794372
1642086646579878825
1642086647579614089
1642086648579596002
1642086649579784823
1642086650579760181
1642086651579746486
1642086652579719307
1642086653579563115
1642086654579603899
1642086655579601147
1642086656579711003
1642086657579488154
1642086658579692377
1642086659579661044
1642086660579651971
1642086661579736818
1642086662579657217
1642086663579541415
1642086664579638430
1642086665579559401
1642086666579609197
1642086667579513526
1642086668579593953
1642086669579452617
1642086670579434967
1642086671579755094
1642086672579472408
1642086673579478403
1642086674579452830
1642086675579542068
1642086676579550458
1642086677579540476
1642086678579530203
1642086679579528521
1642086680579522855
1642086681579526922
1642086682579495125
1642086683579479965
1642086684579485654
1642086685579579940
1642086686579619671
1642086687579424419
1642086688579476678
1642086689579361820
1642086690579572738
1642086691579591264
1642086692579570209
1642086693579506993
1642086694579250464
1642086695579374606
1642086696579296868
1642086697579374245
1642086698579361143
1642086699579326301
1642086700579240203
1642086701579346858
1642086702579331342
1642086703579455900
1642086704579233879
1642086705579238447
1642086706579105182
1642086707579192685
1642086708579437050
1642086709579256733
1642086710579178764
1642086711579260080
1642086712579359552
1642086713579396730
1642086714579063753
1642086715579115224
1642086716579213439
1642086717579228775
1642086718579141803
1642086719579120587
1642086720579181855
1642086721579062269
1642086722579089378
1642086723579161881
1642086724579290910
1642086725579133556
1642086726579320315
1642086727579218060
1642086728579052620
1642086729579123116
1642086730579203762
1642086731579023653
1642086732579006765
1642086733579079646
1642086734578987567
1642086735578924932
1642086736578956804
1642086737579052695
1642086738578898708
1642086739578903540
1642086740579038893
1642086741578917135
1642086742578929690
1642086743578924423
1642086744579154038
1642086745578910305
1642086746579134279
1642086747578858208
1642086748579016659
1642086749578827166
1642086750578774293
1642086751578746329
1642086752578817454
1642086753578779769
1642086754578775852
1642086755578716663
1642086756578744042
1642086757578814507
1642086758578801643
1642086759578811666
1642086760578768995
1642086761578775191
1642086762578738275
1642086763578987679
1642086764578927666
1642086765578729917
1642086766578939970
1642086767578679936
1642086768578671793
1642086769578552399
1642086770578659409
1642086771578603381
1642086772578644496
1642086773578644183
1642086774578631281
1642086775578531189
1642086776578575836
1642086777578578115
1642086778578615010
1642086779578629926
1642086780578636700
1642086781578614721
1642086782578557777
1642086783578661207
1642086784578822326
1642086785578497366
1642086786578804407
1642086787578497131
1642086788578791269
1642086789578736686
1642086790578771034
1642086791578788554
1642086792578727116
1642086793578736776
1642086794578721322
1642086795578472255
1642086796578387357
1642086797578369775
1642086798578416796
1642086799578487251
1642086800578365757
1642086801578642879
1642086802578316461
1642086803578448420
1642086804578356402
1642086805578350533
1642086806578380337
1642086807578226506
1642086808578299134
1642086809578264760
1642086810578265775
1642086811578194110
1642086812578230351
1642086813578245421
1642086814578245870
1642086815578253137
1642086816578245577
1642086817578266544
1642086818578219618
1642086819578232719
1642086820578175103
1642086821578240023
1642086822578172016
1642086823578185735
1642086824578135708
1642086825578487155
1642086826578123278
1642086827578119067
1642086828578111843
